437947374
348085480
151109396
093657527
741662433
185478647
375785510
125541817
311835608
345332210
391761946
248049893
367275303
195904004
502206375
744810996
562434715
861315495
442901167
007102613
869131703
668808023
583280076
709822691
402659242
671419393
598995718
756475317
079016321
483662831
460583316
282129997
320286525
311545798
663807703
028495212
103559065
356712931
295318113
768524875
599866688
559859100
113183377
410272559
379067857
776706136
074444986
867244364
502738832
503071002
276639532
625584142
162893237
246948138
006560101
227891538
084511667
242326488
857507965
570330410
395881282
678852093
153928704
073436882
475216826
201208428
056366859
339898412
570503943
779039677
149291081
358796317
265167927
117058763
533563811
409893135
251488761
881025434
704602012
486925171
040987909
684371253
749152493
753068048
824885149
288546472
737989924
766774156
167464380
141248969
880513200
895780902
837258468
017638566
101208630
374702498
737418734
082451421
435912351
095542044
